100000000000000000000010000000000000000000000000000000000000000000000000001000100000000000000001111111111111110111000000000010000000000000000000000000000000000000000000000000000000100010000000000000001100010000000000000000000000000000000000000000000000000010
000000000000000000000000000000000000000000000000000000000000000000000000001000100000000000000001111111111000001111100000000010000000000000000000000000000000000000000000000000000000101100000000000000001101100000000000000000000000010101000000100000000000000000
000000000000000000000000000000000000000000000000111001000000000000000000001000100000000000000001111111110110001111100000000010000000000000000000000000000000000000000000000000000000001000000000000000001001000000000000000000000000010111101000100000000000000000
100000000000000000000000000000000000000000000000000000000000000000000000001000100000000000000001111111111100001111100000000010000000000000000000000000000000000000000000000000000000000110000000000000001000110000000000000000000000011010110100100000000000000000
000000000000000000000000000000000000000000000000010110000000000000000000001000100000000000000001111111111001011111100000000010000000000000000000001000000000000000000000000000000000110000000000000000001110000000000000000000000000010111001011100000000000000000
100000000000000000000000000000000000000000000000000000000000000000000000001000100000000000000001111111110010011111100000000000000000000000000000000000000000000000000000000000000000100010000000000000001100010000000000000000000000001111110000000000000000000000
100000000000000000000000000000000000000000000000101101000000000000000000001000100000000000000001111111111010101111100000000010000000000000000000001000000000000000000000000000000000101010000000000000001101010000000000000000000000000101100111000000000000000000
100000000000000000000000000000000000000000000000001001100000000000000000001000100000000000000001111111111011101111100000000000000000000000000000001000000000000000000000000000000000001110000000000000001001110000000000000000000000000001111001010000000000000000
100000000000000000000000000000000000000000000000000011000000000000000000001000100000000000000001111111111101111111100000000000000000000000000000001000000000000000000000000000000000011010000000000000001011010000000000000000100000001111010101110000000000000000
000000000000000000000000000000000000000000000000000101100000000000000000001000100000000000000001111111110001111111100000000000000000000000000000000000000000000000000000000000000000101100000000000000001101100000000000000000000000000000001000110000000000000000
100000000000000000000000000000000000000000000000000000000000000000000000001000100000000000000001111111111110001111100000000010000000000000000000001000000000000000000000000000000000110010000000000000001110010000000000000000100000000011011111110000000000000000
000000000000000000000000000000000000000000000000000000000000000000000000001000100000000000000001111111111110101111100000000000000000000000000000000000000000000000000000000000000000001000000000000000001001000000000000000000000000000010000110110000000000000000
100000000000000000000000000000000000000000000000011100000000000000000000001000100000000000000001111111110011001111100000000010000000000000000000000000000000000000000000000000000000100010000000000000001100010000000000000000000000000000101000100000000000000000
100000000000000000000000000000000000000000000000000000000000000000000000001000100000000000000001111111111000001111100000000010000000000000000000000000000000000000000000000000000000110010000000000000001110010000000000000000000000011011110010110000000000000000
000000000000000000000000000000000000000000000000000000000000000000000000001000100000000000000001111111111110101111100000000010000000000000000000000000000000000000000000000000000000011000000000000000001011000000000000000000000000011101000000100000000000000000
000000000000000000000000000000000000000000000000000000000000000000000000001000100000000000000001111111111100001111100000000010000000000000000000001000000000000000000000000000000000000100000000000000001000100000000000000000000000010010010111100000000000000000
100000000000000000000000000000000000000000000000000000000000000000000000001000100000000000000001111111110011011111100000000000000000000000000000000000000000000000000000000000000000011010000000000000001011010000000000000000000000001100001110100000000000000000
000000000000000000000000000000000000000000000000000000000000000000000000001000100000000000000001111111111101001111100000000010000000000000000000000000000000000000000000000000000000001000000000000000001001000000000000000000000000000110111100010000000000000000
100000000000000000000000000000000000000000000000111000000000000000000000001000100000000000000001111111111110001111100000000010000000000000000000000000000000000000000000000000000000000010000000000000001000010000000000000000000000001100000010110000000000000000
100000000000000000000000000000000000000000000000011110000000000000000000001000100000000000000001111111111001001111100000000010000000000000000000001000000000000000000000000000000000110010000000000000001110010000000000000000000000010000101101000000000000000000
100000000000000000000000000000000000000000000000000000000000000000000000001000100000000000000001111111111111001111100000000000000000000000000000000000000000000000000000000000000000000110000000000000001000110000000000000000000000000010000010110000000000000000
